20190102 # magic number
# Give level energies in cm^-1 for each ion.
# Each line gives n, l, S, J, energy.
# The last entry for each ion is the ionization potential.
# It is marked with negative quantum numbers. The ionization
# potential MUST be the last entry for a given element!
#
# NIST data for n<=11 were downloaded using ADM.
#
# The remaining data were calculated using the ATLL r123
#
 1  0  2 0.5      0.000      0.002     
 2  1  2 0.5 740734.34218    0.00006   
 2  0  2 0.5 740736.4342     0.0003    
 2  1  2 1.5 740764.00059    0.00003   
 3  1  2 0.5 877919.12077    0.00002   
 3  0  2 0.5 877919.74451    0.00008   
 3  2  2 1.5 877927.8940272  0.0000007 
 3  1  2 1.5 877927.90852    0.00001   
 3  2  2 2.5 877930.8226458  0.0000006 
 4  1  2 0.5 925932.587757   0.000009  
 4  0  2 0.5 925932.85153    0.00003   
 4  2  2 1.5 925936.28886    0.00005   
 4  1  2 1.5 925936.295049   0.000005  
 4  3  2 2.5 925937.52216    0.00002   
 4  2  2 2.5 925937.52439    0.00005   
 4  3  2 3.5 925938.13989    0.00002   
 5  1  2 0.5 948155.449155   0.000005  
 5  0  2 0.5 948155.58438    0.00002   
 5  2  2 1.5 948157.34408    0.00003   
 5  1  2 1.5 948157.347268   0.000003  
 5  3  2 2.5 948157.97552    0.00002   
 5  2  2 2.5 948157.97666    0.00003   
 5  4  2 3.5 948158.291195   0.000004  
 5  3  2 3.5 948158.29179    0.00002   
 5  4  2 4.5 948158.480958   0.000004  
 6  1  2 0.5 960226.912119   0.000009  
 6  0  2 0.5 960226.99042    0.00001   
 6  2  2 1.5 960228.00869    0.00002   
 6  1  2 1.5 960228.010554   0.000008  
 6  3  2 2.5 960228.37410    0.00001   
 6  2  2 2.5 960228.37477    0.00002   
 6  4  2 3.5 960228.556786   0.000004  
 6  3  2 3.5 960228.55714    0.00001   
 6  5  2 4.5 960228.666387   0.000001  
 6  4  2 4.5 960228.666602   0.000004  
 6  5  2 5.5 960228.739598   0.000001  
 7  1  2 0.5 967505.524155   0.000009  
 7  0  2 0.5 967505.573485   0.000008  
 7  2  2 1.5 967506.21469    0.00001   
 7  1  2 1.5 967506.215876   0.000009  
 7  3  2 2.5 967506.44480    0.00001   
 7  2  2 2.5 967506.44522    0.00001   
 7  4  2 3.5 967506.559849   0.000004  
 7  3  2 3.5 967506.56006    0.00001   
 7  5  2 4.5 967506.628869   0.000001  
 7  4  2 4.5 967506.629005   0.000004  
 7  6  2 5.5 967506.6748794  0.0000004 
 7  5  2 5.5 967506.674972   0.000001  
 7  6  2 6.5 967506.7078103  0.0000004 
 8  1  2 0.5 972229.572784   0.000007  
 8  0  2 0.5 972229.605841   0.000006  
 8  2  2 1.5 972230.035385   0.000009  
 8  1  2 1.5 972230.036180   0.000007  
 8  3  2 2.5 972230.189542   0.000008  
 8  2  2 2.5 972230.189825   0.000009  
 8  4  2 3.5 972230.266611   0.000003  
 8  3  2 3.5 972230.266758   0.000008  
 8  5  2 4.5 972230.312849   0.000001  
 8  4  2 4.5 972230.312940   0.000003  
 8  6  2 5.5 972230.3436723  0.0000005 
 8  5  2 5.5 972230.343734   0.000001  
 8  7  2 6.5 972230.3656884  0.0000002 
 8  6  2 6.5 972230.3657335  0.0000005 
 8  7  2 7.5 972230.3822342  0.0000002 
 9  1  2 0.5 975468.337231   0.000006  
 9  0  2 0.5 975468.360453   0.000004  
 9  2  2 1.5 975468.662127   0.000007  
 9  1  2 1.5 975468.662687   0.000006  
 9  3  2 2.5 975468.770396   0.000006  
 9  2  2 2.5 975468.770595   0.000007  
 9  4  2 3.5 975468.824524   0.000003  
 9  3  2 3.5 975468.824627   0.000006  
 9  5  2 4.5 975468.856998   0.000001  
 9  4  2 4.5 975468.857062   0.000003  
 9  6  2 5.5 975468.8786460  0.0000005 
 9  5  2 5.5 975468.878690   0.000001  
 9  7  2 6.5 975468.8941086  0.0000002 
 9  6  2 6.5 975468.8941403  0.0000005 
 9  8  2 7.5 975468.90570517 0.00000007
 9  7  2 7.5 975468.9057292  0.0000002 
 9  8  2 8.5 975468.91474341 0.00000007
10  1  2 0.5 977784.990176   0.000005  
10  0  2 0.5 977785.007108   0.000003  
10  2  2 1.5 977785.227023   0.000005  
10  1  2 1.5 977785.227432   0.000005  
10  3  2 2.5 977785.305950   0.000005  
10  2  2 2.5 977785.306096   0.000005  
10  4  2 3.5 977785.345410   0.000002  
10  3  2 3.5 977785.345485   0.000005  
10  5  2 4.5 977785.369083   0.000001  
10  4  2 4.5 977785.369130   0.000002  
10  6  2 5.5 977785.3848652  0.0000005 
10  5  2 5.5 977785.384897   0.000001  
10  7  2 6.5 977785.3961374  0.0000002 
10  6  2 6.5 977785.3961606  0.0000005 
10  8  2 7.5 977785.4045913  0.0000001 
10  7  2 7.5 977785.4046089  0.0000002 
10  9  2 8.5 977785.41116638 0.00000003
10  8  2 8.5 977785.4111802  0.0000001 
10  9  2 9.5 977785.41643747 0.00000003
11  1  2 0.5 979499.041388   0.000004  
11  0  2 0.5 979499.054110   0.000002  
11  2  2 1.5 979499.219333   0.000004  
11  1  2 1.5 979499.219641   0.000004  
11  3  2 2.5 979499.278633   0.000004  
11  2  2 2.5 979499.278742   0.000004  
11  4  2 3.5 979499.308279   0.000002  
11  3  2 3.5 979499.308336   0.000004  
11  5  2 4.5 979499.3260650  0.0000008 
11  4  2 4.5 979499.326100   0.000002  
11  6  2 5.5 979499.3379219  0.0000004 
11  5  2 5.5 979499.3379459  0.0000008 
11  7  2 6.5 979499.3463909  0.0000002 
11  6  2 6.5 979499.3464083  0.0000004 
11  8  2 7.5 979499.3527424  0.0000001 
11  7  2 7.5 979499.3527556  0.0000002 
11  9  2 8.5 979499.35768235 0.00000005
11  8  2 8.5 979499.3576927  0.0000001 
11 10  2 9.5 979499.36163423 0.00000002
11  9  2 9.5 979499.36164260 0.00000005
11 10  2 10.5 979499.36487443 0.00000002
-1 -1 -1 -1.0 987661.014      0.002     
#
# 
# Bibliography:
# -------------
# PUB     Refcode: L3620c107 on NIST
# PUBCON      URL: https://physics.nist.gov/cgi-bin/ASBib1/get_ASBib_ref.cgi?db=el&db_id=3620&comment_code=c107&amp;element=Li&amp;spectr_charge=3&amp;ref=3620&amp;type=E
# PUBCON    Title: Energy Levels of One-Electron Atoms
# PUBCON  Authors: G. W. Erickson
# PUBCON  Journal: J. Phys. Chem. Ref. Data 6, 831–869 (1977)
# PUBCON      DOI: https://doi.org/10.1063/1.555557
# PUBCON  Comment: The energy level values were derived from Erickson's theoretical values of the total energies by scaling them to the CODATA-2006 values of the fundamental constants, as given by Kramida et al. 2008       
# 
# PUB     Refcode: L3620c96 on NIST
# PUBCON      URL: https://physics.nist.gov/cgi-bin/ASBib1/get_ASBib_ref.cgi?db=el&db_id=3620&comment_code=c96&amp;element=Li&amp;spectr_charge=3&amp;ref=3620&amp;type=E
# PUBCON    Title: Energy Levels of One-Electron Atoms
# PUBCON  Authors: G. W. Erickson
# PUBCON  Journal: J. Phys. Chem. Ref. Data 6, 831–869 (1977)
# PUBCON      DOI: https://doi.org/10.1063/1.555557
# PUBCON  Comment: The energy values reported in this paper have been adjusted by scaling to the CODATA 2006 values of fundamental constants as given by Mohr et al. 2008 (full reference: L12548).      
