!MOLECULE
 p-PH3 from CDMS 2013 for bottom 20 levels; added parity doublets to match collision data                         
!MOLECULAR WEIGHT
34.0     
! NUMBER OF ENERGY LEVELS
20
!LEVEL + ENERGIES(cm^-1) + WEIGHT + J_K_parity
    1     8.371100000  3.0  01_01_-
    2     8.371100000  3.0  01_01_+
    3    24.578100000  5.0  02_02_-
    4    24.578100000  5.0  02_02_+
    5    26.177293106  5.0  02_01_-
    6    26.177293106  5.0  02_01_+
    7    51.282600000  7.0  03_02_-
    8    51.282600000  7.0  03_02_+
    9    52.878697724  7.0  03_01_-
   10    52.878697724  7.0  03_01_+
   11    80.480600000  9.0  04_04_-
   12    80.480600000  9.0  04_04_+
   13    86.873900000  9.0  04_02_-
   14    86.873900000  9.0  04_02_+
   15    88.465886637  9.0  04_01_-
   16    88.465886637  9.0  04_01_+
   17   120.160700000  11.0  05_05_-
   18   120.160700000  11.0  05_05_+
   19   124.966800000  11.0  05_04_-
   20   124.966800000  11.0  05_04_+
! NUMBER OF RADIATIVE TRANSITIONS
36
!TRANS + U + L + A(s^-1) + FREQ(GHz) + E_u/k(K)
1	16	14	2.998E-13	47.72655870	127.28
2	15	13	2.998E-13	47.72655870	127.28
3	10	8	1.006E-13	47.84980600	76.08
4	9	7	1.006E-13	47.84980600	76.08
5	6	4	2.021E-14	47.94260320	37.66
6	5	3	2.021E-14	47.94260320	37.66
7	16	12	1.053E-11	239.39121980	127.28
8	15	11	1.053E-11	239.39121980	127.28
9	4	2	4.208E-12	485.87266870	35.36
10	3	1	4.208E-12	485.87266870	35.36
11	6	2	1.750E-04	533.81527200	37.66
12	5	1	1.750E-04	533.81527200	37.66
13	8	6	1.119E-10	752.63729610	73.78
14	7	5	1.119E-10	752.63729610	73.78
15	10	6	7.492E-04	800.48711500	76.08
16	9	5	7.492E-04	800.48711500	76.08
17	8	4	4.684E-04	800.57991400	73.78
18	7	3	4.684E-04	800.57991400	73.78
19	12	10	4.026E-10	827.48557350	115.79
20	11	9	4.026E-10	827.48557350	115.79
21	10	4	6.413E-11	848.42970530	76.08
22	9	3	6.413E-11	848.42970530	76.08
23	18	14	1.380E-09	997.91513760	172.88
24	17	13	1.380E-09	997.91513760	172.88
25	14	10	9.740E-10	1019.15023470	124.99
26	13	9	9.740E-10	1019.15023470	124.99
27	16	10	1.940E-03	1066.87679340	127.28
28	15	9	1.940E-03	1066.87679340	127.28
29	14	8	1.552E-03	1067.00004060	124.99
30	13	7	1.552E-03	1067.00004060	124.99
31	20	16	3.298E-09	1094.27002970	179.80
32	19	15	3.298E-09	1094.27002970	179.80
33	16	8	7.084E-10	1114.72659930	127.28
34	15	7	7.084E-10	1114.72659930	127.28
35	20	12	1.488E-03	1333.66124960	179.80
36	19	11	1.488E-03	1333.66124960	179.80
! NUMBER OF COLLISION PARTNERS
1
! PARTNER 1, collisions between:
1  H2-PH3 scaled from He-PH3 by Badri +2020, MNRAS 499, 1578
! NUMBER OF COLLISIONAL TRANSITIONS
190
! NUMBER OF COLLISIONAL TEMPERATURES
10 
! COLLISIONAL TEMPERATURES
5	10	15	20	25	30	35	40	45	50 	
! COLLISION RATES
1	2	1	7.74e-12 1.20e-11 1.30e-11 1.31e-11 1.29e-11 1.27e-11 1.25e-11 1.24e-11 1.24e-11 1.24e-11 
2	3	1	3.45e-12 1.54e-12 7.58e-13 4.68e-13 3.60e-13 3.20e-13 3.07e-13 3.05e-13 3.06e-13 3.08e-13 
3	3	2	4.19e-11 3.99e-11 3.87e-11 3.79e-11 3.73e-11 3.68e-11 3.64e-11 3.61e-11 3.58e-11 3.55e-11 
4	4	1	4.19e-11 3.99e-11 3.87e-11 3.79e-11 3.73e-11 3.68e-11 3.64e-11 3.61e-11 3.58e-11 3.55e-11 
5	4	2	3.45e-12 1.54e-12 7.58e-13 4.68e-13 3.60e-13 3.20e-13 3.07e-13 3.05e-13 3.06e-13 3.08e-13 
6	4	3	1.07e-11 1.10e-11 1.09e-11 1.13e-11 1.20e-11 1.29e-11 1.37e-11 1.45e-11 1.53e-11 1.60e-11 
7	5	1	1.01e-11 9.17e-12 8.89e-12 8.95e-12 9.15e-12 9.43e-12 9.74e-12 1.01e-11 1.04e-11 1.07e-11 
8	5	2	3.86e-11 3.99e-11 4.04e-11 4.09e-11 4.15e-11 4.21e-11 4.28e-11 4.34e-11 4.41e-11 4.47e-11 
9	5	3	1.73e-11 1.95e-11 2.08e-11 2.18e-11 2.26e-11 2.33e-11 2.37e-11 2.41e-11 2.45e-11 2.47e-11 
10	5	4	8.98e-12 9.83e-12 1.07e-11 1.15e-11 1.22e-11 1.29e-11 1.34e-11 1.39e-11 1.43e-11 1.46e-11 
11	6	1	3.86e-11 3.99e-11 4.04e-11 4.09e-11 4.15e-11 4.21e-11 4.28e-11 4.34e-11 4.41e-11 4.47e-11 
12	6	2	1.01e-11 9.17e-12 8.89e-12 8.95e-12 9.15e-12 9.43e-12 9.74e-12 1.01e-11 1.04e-11 1.07e-11 
13	6	3	8.98e-12 9.83e-12 1.07e-11 1.15e-11 1.22e-11 1.29e-11 1.34e-11 1.39e-11 1.43e-11 1.46e-11 
14	6	4	1.73e-11 1.95e-11 2.08e-11 2.18e-11 2.26e-11 2.33e-11 2.37e-11 2.41e-11 2.45e-11 2.47e-11 
15	6	5	1.04e-11 1.23e-11 1.31e-11 1.36e-11 1.40e-11 1.44e-11 1.48e-11 1.52e-11 1.56e-11 1.59e-11 
16	7	1	7.72e-12 7.80e-12 7.77e-12 7.74e-12 7.72e-12 7.72e-12 7.71e-12 7.71e-12 7.71e-12 7.71e-12 
17	7	2	1.27e-11 1.29e-11 1.31e-11 1.33e-11 1.35e-11 1.36e-11 1.38e-11 1.39e-11 1.40e-11 1.41e-11 
18	7	3	2.18e-11 2.16e-11 2.13e-11 2.13e-11 2.13e-11 2.15e-11 2.18e-11 2.21e-11 2.23e-11 2.27e-11 
19	7	4	3.62e-11 3.75e-11 3.84e-11 3.93e-11 4.03e-11 4.14e-11 4.24e-11 4.34e-11 4.44e-11 4.54e-11 
20	7	5	3.20e-12 2.84e-12 2.71e-12 2.67e-12 2.64e-12 2.62e-12 2.60e-12 2.58e-12 2.57e-12 2.55e-12 
21	7	6	2.77e-11 2.83e-11 2.86e-11 2.90e-11 2.94e-11 2.98e-11 3.02e-11 3.06e-11 3.09e-11 3.12e-11 
22	8	1	1.27e-11 1.29e-11 1.31e-11 1.33e-11 1.35e-11 1.36e-11 1.38e-11 1.39e-11 1.40e-11 1.41e-11 
23	8	2	7.72e-12 7.80e-12 7.77e-12 7.74e-12 7.72e-12 7.72e-12 7.71e-12 7.71e-12 7.71e-12 7.71e-12 
24	8	3	3.62e-11 3.75e-11 3.84e-11 3.93e-11 4.03e-11 4.14e-11 4.24e-11 4.34e-11 4.44e-11 4.54e-11 
25	8	4	2.18e-11 2.16e-11 2.13e-11 2.13e-11 2.13e-11 2.15e-11 2.18e-11 2.21e-11 2.23e-11 2.27e-11 
26	8	5	2.77e-11 2.83e-11 2.86e-11 2.90e-11 2.94e-11 2.98e-11 3.02e-11 3.06e-11 3.09e-11 3.12e-11 
27	8	6	3.20e-12 2.84e-12 2.71e-12 2.67e-12 2.64e-12 2.62e-12 2.60e-12 2.58e-12 2.57e-12 2.55e-12 
28	8	7	1.12e-11 1.40e-11 1.52e-11 1.59e-11 1.63e-11 1.66e-11 1.69e-11 1.71e-11 1.73e-11 1.76e-11 
29	9	1	1.17e-11 1.27e-11 1.35e-11 1.42e-11 1.49e-11 1.56e-11 1.62e-11 1.68e-11 1.75e-11 1.80e-11 
30	9	2	9.03e-12 9.14e-12 9.17e-12 9.25e-12 9.36e-12 9.50e-12 9.65e-12 9.81e-12 9.97e-12 1.01e-11 
31	9	3	1.66e-11 1.66e-11 1.65e-11 1.64e-11 1.64e-11 1.64e-11 1.65e-11 1.65e-11 1.65e-11 1.65e-11 
32	9	4	1.03e-11 1.07e-11 1.11e-11 1.15e-11 1.19e-11 1.23e-11 1.26e-11 1.30e-11 1.33e-11 1.36e-11 
33	9	5	9.87e-12 9.77e-12 9.77e-12 9.85e-12 9.98e-12 1.01e-11 1.03e-11 1.06e-11 1.08e-11 1.10e-11 
34	9	6	1.88e-11 1.93e-11 1.95e-11 1.96e-11 1.98e-11 2.00e-11 2.03e-11 2.06e-11 2.10e-11 2.13e-11 
35	9	7	1.53e-11 1.77e-11 1.94e-11 2.08e-11 2.18e-11 2.27e-11 2.35e-11 2.41e-11 2.47e-11 2.51e-11 
36	9	8	3.28e-12 3.75e-12 4.16e-12 4.49e-12 4.74e-12 4.94e-12 5.10e-12 5.24e-12 5.36e-12 5.46e-12 
37	10	1	9.03e-12 9.14e-12 9.17e-12 9.25e-12 9.36e-12 9.50e-12 9.65e-12 9.81e-12 9.97e-12 1.01e-11 
38	10	2	1.17e-11 1.27e-11 1.35e-11 1.42e-11 1.49e-11 1.56e-11 1.62e-11 1.68e-11 1.75e-11 1.80e-11 
39	10	3	1.03e-11 1.07e-11 1.11e-11 1.15e-11 1.19e-11 1.23e-11 1.26e-11 1.30e-11 1.33e-11 1.36e-11 
40	10	4	1.66e-11 1.66e-11 1.65e-11 1.64e-11 1.64e-11 1.64e-11 1.65e-11 1.65e-11 1.65e-11 1.65e-11 
41	10	5	1.88e-11 1.93e-11 1.95e-11 1.96e-11 1.98e-11 2.00e-11 2.03e-11 2.06e-11 2.10e-11 2.13e-11 
42	10	6	9.87e-12 9.77e-12 9.77e-12 9.85e-12 9.98e-12 1.01e-11 1.03e-11 1.06e-11 1.08e-11 1.10e-11 
43	10	7	3.28e-12 3.75e-12 4.16e-12 4.49e-12 4.74e-12 4.94e-12 5.10e-12 5.24e-12 5.36e-12 5.46e-12 
44	10	8	1.53e-11 1.77e-11 1.94e-11 2.08e-11 2.18e-11 2.27e-11 2.35e-11 2.41e-11 2.47e-11 2.51e-11 
45	10	9	6.56e-12 8.17e-12 9.07e-12 9.60e-12 9.95e-12 1.02e-11 1.05e-11 1.07e-11 1.09e-11 1.11e-11 
46	11	1	3.47e-12 3.43e-12 3.36e-12 3.31e-12 3.27e-12 3.24e-12 3.22e-12 3.20e-12 3.19e-12 3.17e-12 
47	11	2	1.24e-11 1.32e-11 1.35e-11 1.36e-11 1.37e-11 1.38e-11 1.38e-11 1.38e-11 1.38e-11 1.38e-11 
48	11	3	7.82e-12 7.81e-12 7.85e-12 7.99e-12 8.17e-12 8.37e-12 8.58e-12 8.79e-12 8.99e-12 9.19e-12 
49	11	4	1.40e-12 1.04e-12 8.24e-13 7.05e-13 6.29e-13 5.78e-13 5.41e-13 5.12e-13 4.90e-13 4.71e-13 
50	11	5	1.66e-11 1.69e-11 1.69e-11 1.69e-11 1.70e-11 1.70e-11 1.71e-11 1.71e-11 1.72e-11 1.72e-11 
51	11	6	1.35e-11 1.33e-11 1.29e-11 1.27e-11 1.25e-11 1.23e-11 1.22e-11 1.21e-11 1.20e-11 1.19e-11 
52	11	7	4.34e-12 3.97e-12 3.78e-12 3.73e-12 3.75e-12 3.82e-12 3.91e-12 4.01e-12 4.11e-12 4.20e-12 
53	11	8	5.58e-12 5.11e-12 4.93e-12 4.94e-12 5.05e-12 5.20e-12 5.38e-12 5.56e-12 5.74e-12 5.93e-12 
54	11	9	2.01e-11 1.95e-11 1.89e-11 1.86e-11 1.84e-11 1.83e-11 1.82e-11 1.82e-11 1.81e-11 1.81e-11 
55	11	10	1.39e-11 1.36e-11 1.34e-11 1.35e-11 1.37e-11 1.39e-11 1.41e-11 1.44e-11 1.46e-11 1.49e-11 
56	12	1	1.24e-11 1.32e-11 1.35e-11 1.36e-11 1.37e-11 1.38e-11 1.38e-11 1.38e-11 1.38e-11 1.38e-11 
57	12	2	3.47e-12 3.43e-12 3.36e-12 3.31e-12 3.27e-12 3.24e-12 3.22e-12 3.20e-12 3.19e-12 3.17e-12 
58	12	3	1.40e-12 1.04e-12 8.24e-13 7.05e-13 6.29e-13 5.78e-13 5.41e-13 5.12e-13 4.90e-13 4.71e-13 
59	12	4	7.82e-12 7.81e-12 7.85e-12 7.99e-12 8.17e-12 8.37e-12 8.58e-12 8.79e-12 8.99e-12 9.19e-12 
60	12	5	1.35e-11 1.33e-11 1.29e-11 1.27e-11 1.25e-11 1.23e-11 1.22e-11 1.21e-11 1.20e-11 1.19e-11 
61	12	6	1.66e-11 1.69e-11 1.69e-11 1.69e-11 1.70e-11 1.70e-11 1.71e-11 1.71e-11 1.72e-11 1.72e-11 
62	12	7	5.58e-12 5.11e-12 4.93e-12 4.94e-12 5.05e-12 5.20e-12 5.38e-12 5.56e-12 5.74e-12 5.93e-12 
63	12	8	4.34e-12 3.97e-12 3.78e-12 3.73e-12 3.75e-12 3.82e-12 3.91e-12 4.01e-12 4.11e-12 4.20e-12 
64	12	9	1.39e-11 1.36e-11 1.34e-11 1.35e-11 1.37e-11 1.39e-11 1.41e-11 1.44e-11 1.46e-11 1.49e-11 
65	12	10	2.01e-11 1.95e-11 1.89e-11 1.86e-11 1.84e-11 1.83e-11 1.82e-11 1.82e-11 1.81e-11 1.81e-11 
66	12	11	2.16e-11 2.72e-11 3.00e-11 3.21e-11 3.39e-11 3.56e-11 3.72e-11 3.87e-11 4.01e-11 4.14e-11 
67	13	1	3.11e-12 3.31e-12 3.46e-12 3.58e-12 3.69e-12 3.79e-12 3.88e-12 3.96e-12 4.03e-12 4.09e-12 
68	13	2	4.44e-12 4.76e-12 5.01e-12 5.24e-12 5.47e-12 5.70e-12 5.91e-12 6.11e-12 6.29e-12 6.46e-12 
69	13	3	4.34e-12 4.77e-12 5.28e-12 5.82e-12 6.36e-12 6.91e-12 7.45e-12 7.99e-12 8.54e-12 9.07e-12 
70	13	4	9.78e-12 1.01e-11 1.03e-11 1.05e-11 1.06e-11 1.08e-11 1.10e-11 1.12e-11 1.14e-11 1.16e-11 
71	13	5	5.69e-12 5.81e-12 5.89e-12 5.96e-12 6.03e-12 6.10e-12 6.16e-12 6.22e-12 6.27e-12 6.32e-12 
72	13	6	8.25e-12 8.72e-12 9.00e-12 9.24e-12 9.45e-12 9.65e-12 9.83e-12 9.99e-12 1.01e-11 1.03e-11 
73	13	7	1.26e-11 1.26e-11 1.26e-11 1.26e-11 1.28e-11 1.29e-11 1.32e-11 1.34e-11 1.36e-11 1.38e-11 
74	13	8	2.54e-11 2.66e-11 2.73e-11 2.80e-11 2.87e-11 2.94e-11 3.02e-11 3.10e-11 3.18e-11 3.26e-11 
75	13	9	3.70e-12 3.27e-12 3.14e-12 3.11e-12 3.11e-12 3.12e-12 3.14e-12 3.17e-12 3.19e-12 3.21e-12 
76	13	10	2.23e-11 2.29e-11 2.30e-11 2.31e-11 2.33e-11 2.35e-11 2.37e-11 2.39e-11 2.41e-11 2.42e-11 
77	13	11	1.66e-12 1.63e-12 1.79e-12 2.01e-12 2.26e-12 2.52e-12 2.78e-12 3.05e-12 3.31e-12 3.57e-12 
78	13	12	2.42e-12 2.43e-12 2.62e-12 2.87e-12 3.14e-12 3.41e-12 3.67e-12 3.93e-12 4.17e-12 4.40e-12 
79	14	1	4.44e-12 4.76e-12 5.01e-12 5.24e-12 5.47e-12 5.70e-12 5.91e-12 6.11e-12 6.29e-12 6.46e-12 
80	14	2	3.11e-12 3.31e-12 3.46e-12 3.58e-12 3.69e-12 3.79e-12 3.88e-12 3.96e-12 4.03e-12 4.09e-12 
81	14	3	9.78e-12 1.01e-11 1.03e-11 1.05e-11 1.06e-11 1.08e-11 1.10e-11 1.12e-11 1.14e-11 1.16e-11 
82	14	4	4.34e-12 4.77e-12 5.28e-12 5.82e-12 6.36e-12 6.91e-12 7.45e-12 7.99e-12 8.54e-12 9.07e-12 
83	14	5	8.25e-12 8.72e-12 9.00e-12 9.24e-12 9.45e-12 9.65e-12 9.83e-12 9.99e-12 1.01e-11 1.03e-11 
84	14	6	5.69e-12 5.81e-12 5.89e-12 5.96e-12 6.03e-12 6.10e-12 6.16e-12 6.22e-12 6.27e-12 6.32e-12 
85	14	7	2.54e-11 2.66e-11 2.73e-11 2.80e-11 2.87e-11 2.94e-11 3.02e-11 3.10e-11 3.18e-11 3.26e-11 
86	14	8	1.26e-11 1.26e-11 1.26e-11 1.26e-11 1.28e-11 1.29e-11 1.32e-11 1.34e-11 1.36e-11 1.38e-11 
87	14	9	2.23e-11 2.29e-11 2.30e-11 2.31e-11 2.33e-11 2.35e-11 2.37e-11 2.39e-11 2.41e-11 2.42e-11 
88	14	10	3.70e-12 3.27e-12 3.14e-12 3.11e-12 3.11e-12 3.12e-12 3.14e-12 3.17e-12 3.19e-12 3.21e-12 
89	14	11	2.42e-12 2.43e-12 2.62e-12 2.87e-12 3.14e-12 3.41e-12 3.67e-12 3.93e-12 4.17e-12 4.40e-12 
90	14	12	1.66e-12 1.63e-12 1.79e-12 2.01e-12 2.26e-12 2.52e-12 2.78e-12 3.05e-12 3.31e-12 3.57e-12 
91	14	13	1.12e-11 1.37e-11 1.48e-11 1.56e-11 1.61e-11 1.66e-11 1.71e-11 1.75e-11 1.79e-11 1.83e-11 
92	15	1	2.72e-12 2.93e-12 3.05e-12 3.15e-12 3.24e-12 3.33e-12 3.43e-12 3.53e-12 3.62e-12 3.72e-12 
93	15	2	1.90e-13 2.33e-13 3.11e-13 4.09e-13 5.22e-13 6.48e-13 7.88e-13 9.38e-13 1.10e-12 1.27e-12 
94	15	3	5.95e-12 6.28e-12 6.56e-12 6.86e-12 7.16e-12 7.47e-12 7.76e-12 8.05e-12 8.32e-12 8.57e-12 
95	15	4	5.12e-12 5.38e-12 5.53e-12 5.65e-12 5.77e-12 5.88e-12 5.98e-12 6.07e-12 6.15e-12 6.23e-12 
96	15	5	1.09e-11 1.18e-11 1.26e-11 1.34e-11 1.43e-11 1.52e-11 1.60e-11 1.69e-11 1.77e-11 1.86e-11 
97	15	6	3.57e-12 3.82e-12 4.01e-12 4.20e-12 4.39e-12 4.57e-12 4.74e-12 4.90e-12 5.06e-12 5.21e-12 
98	15	7	1.31e-11 1.34e-11 1.34e-11 1.33e-11 1.33e-11 1.33e-11 1.33e-11 1.33e-11 1.33e-11 1.33e-11 
99	15	8	9.91e-12 1.02e-11 1.03e-11 1.05e-11 1.06e-11 1.07e-11 1.08e-11 1.09e-11 1.10e-11 1.11e-11 
100	15	9	1.51e-11 1.54e-11 1.54e-11 1.55e-11 1.57e-11 1.60e-11 1.62e-11 1.66e-11 1.69e-11 1.73e-11 
101	15	10	9.18e-12 9.62e-12 9.91e-12 1.02e-11 1.06e-11 1.11e-11 1.15e-11 1.20e-11 1.25e-11 1.30e-11 
102	15	11	6.03e-12 6.52e-12 7.05e-12 7.60e-12 8.14e-12 8.67e-12 9.19e-12 9.68e-12 1.02e-11 1.06e-11 
103	15	12	1.26e-11 1.32e-11 1.35e-11 1.38e-11 1.41e-11 1.43e-11 1.44e-11 1.46e-11 1.47e-11 1.48e-11 
104	15	13	1.49e-11 1.72e-11 1.87e-11 1.98e-11 2.08e-11 2.17e-11 2.24e-11 2.31e-11 2.37e-11 2.42e-11 
105	15	14	1.70e-12 1.87e-12 2.03e-12 2.16e-12 2.27e-12 2.36e-12 2.43e-12 2.49e-12 2.54e-12 2.58e-12 
106	16	1	1.90e-13 2.33e-13 3.11e-13 4.09e-13 5.22e-13 6.48e-13 7.88e-13 9.38e-13 1.10e-12 1.27e-12 
107	16	2	2.72e-12 2.93e-12 3.05e-12 3.15e-12 3.24e-12 3.33e-12 3.43e-12 3.53e-12 3.62e-12 3.72e-12 
108	16	3	5.12e-12 5.38e-12 5.53e-12 5.65e-12 5.77e-12 5.88e-12 5.98e-12 6.07e-12 6.15e-12 6.23e-12 
109	16	4	5.95e-12 6.28e-12 6.56e-12 6.86e-12 7.16e-12 7.47e-12 7.76e-12 8.05e-12 8.32e-12 8.57e-12 
110	16	5	3.57e-12 3.82e-12 4.01e-12 4.20e-12 4.39e-12 4.57e-12 4.74e-12 4.90e-12 5.06e-12 5.21e-12 
111	16	6	1.09e-11 1.18e-11 1.26e-11 1.34e-11 1.43e-11 1.52e-11 1.60e-11 1.69e-11 1.77e-11 1.86e-11 
112	16	7	9.91e-12 1.02e-11 1.03e-11 1.05e-11 1.06e-11 1.07e-11 1.08e-11 1.09e-11 1.10e-11 1.11e-11 
113	16	8	1.31e-11 1.34e-11 1.34e-11 1.33e-11 1.33e-11 1.33e-11 1.33e-11 1.33e-11 1.33e-11 1.33e-11 
114	16	9	9.18e-12 9.62e-12 9.91e-12 1.02e-11 1.06e-11 1.11e-11 1.15e-11 1.20e-11 1.25e-11 1.30e-11 
115	16	10	1.51e-11 1.54e-11 1.54e-11 1.55e-11 1.57e-11 1.60e-11 1.62e-11 1.66e-11 1.69e-11 1.73e-11 
116	16	11	1.26e-11 1.32e-11 1.35e-11 1.38e-11 1.41e-11 1.43e-11 1.44e-11 1.46e-11 1.47e-11 1.48e-11 
117	16	12	6.03e-12 6.52e-12 7.05e-12 7.60e-12 8.14e-12 8.67e-12 9.19e-12 9.68e-12 1.02e-11 1.06e-11 
118	16	13	1.70e-12 1.87e-12 2.03e-12 2.16e-12 2.27e-12 2.36e-12 2.43e-12 2.49e-12 2.54e-12 2.58e-12 
119	16	14	1.49e-11 1.72e-11 1.87e-11 1.98e-11 2.08e-11 2.17e-11 2.24e-11 2.31e-11 2.37e-11 2.42e-11 
120	16	15	4.81e-12 5.70e-12 6.18e-12 6.54e-12 6.86e-12 7.16e-12 7.45e-12 7.74e-12 8.03e-12 8.32e-12 
121	17	1	3.32e-12 3.83e-12 4.03e-12 4.16e-12 4.28e-12 4.38e-12 4.48e-12 4.57e-12 4.66e-12 4.74e-12 
122	17	2	3.69e-13 3.64e-13 3.38e-13 3.19e-13 3.07e-13 2.98e-13 2.93e-13 2.88e-13 2.85e-13 2.83e-13 
123	17	3	3.08e-12 3.70e-12 3.94e-12 4.10e-12 4.23e-12 4.33e-12 4.42e-12 4.49e-12 4.56e-12 4.62e-12 
124	17	4	6.15e-12 7.47e-12 8.09e-12 8.52e-12 8.87e-12 9.16e-12 9.42e-12 9.65e-12 9.86e-12 1.01e-11 
125	17	5	2.05e-12 2.31e-12 2.37e-12 2.40e-12 2.42e-12 2.44e-12 2.46e-12 2.48e-12 2.49e-12 2.51e-12 
126	17	6	3.06e-12 3.60e-12 3.83e-12 4.02e-12 4.18e-12 4.34e-12 4.49e-12 4.62e-12 4.76e-12 4.88e-12 
127	17	7	7.81e-12 9.27e-12 9.83e-12 1.02e-11 1.05e-11 1.08e-11 1.11e-11 1.13e-11 1.16e-11 1.18e-11 
128	17	8	1.11e-11 1.27e-11 1.32e-11 1.34e-11 1.36e-11 1.37e-11 1.37e-11 1.38e-11 1.38e-11 1.39e-11 
129	17	9	2.26e-12 2.67e-12 2.87e-12 3.05e-12 3.22e-12 3.40e-12 3.57e-12 3.74e-12 3.90e-12 4.06e-12 
130	17	10	3.22e-12 3.70e-12 3.87e-12 3.99e-12 4.09e-12 4.19e-12 4.28e-12 4.37e-12 4.45e-12 4.52e-12 
131	17	11	1.49e-13 1.48e-13 1.28e-13 1.15e-13 1.08e-13 1.04e-13 1.02e-13 1.01e-13 1.00e-13 1.01e-13 
132	17	12	9.02e-13 1.09e-12 1.20e-12 1.31e-12 1.44e-12 1.57e-12 1.71e-12 1.85e-12 2.00e-12 2.15e-12 
133	17	13	1.53e-11 1.71e-11 1.74e-11 1.74e-11 1.74e-11 1.74e-11 1.75e-11 1.75e-11 1.75e-11 1.75e-11 
134	17	14	7.51e-12 8.55e-12 8.81e-12 9.02e-12 9.28e-12 9.57e-12 9.87e-12 1.02e-11 1.05e-11 1.08e-11 
135	17	15	2.87e-12 3.27e-12 3.40e-12 3.55e-12 3.71e-12 3.87e-12 4.04e-12 4.21e-12 4.37e-12 4.52e-12 
136	17	16	1.77e-12 2.02e-12 2.13e-12 2.26e-12 2.41e-12 2.59e-12 2.77e-12 2.96e-12 3.15e-12 3.34e-12 
137	18	1	3.69e-13 3.64e-13 3.38e-13 3.19e-13 3.07e-13 2.98e-13 2.93e-13 2.88e-13 2.85e-13 2.83e-13 
138	18	2	3.32e-12 3.83e-12 4.03e-12 4.16e-12 4.28e-12 4.38e-12 4.48e-12 4.57e-12 4.66e-12 4.74e-12 
139	18	3	6.15e-12 7.47e-12 8.09e-12 8.52e-12 8.87e-12 9.16e-12 9.42e-12 9.65e-12 9.86e-12 1.01e-11 
140	18	4	3.08e-12 3.70e-12 3.94e-12 4.10e-12 4.23e-12 4.33e-12 4.42e-12 4.49e-12 4.56e-12 4.62e-12 
141	18	5	3.06e-12 3.60e-12 3.83e-12 4.02e-12 4.18e-12 4.34e-12 4.49e-12 4.62e-12 4.76e-12 4.88e-12 
142	18	6	2.05e-12 2.31e-12 2.37e-12 2.40e-12 2.42e-12 2.44e-12 2.46e-12 2.48e-12 2.49e-12 2.51e-12 
143	18	7	1.11e-11 1.27e-11 1.32e-11 1.34e-11 1.36e-11 1.37e-11 1.37e-11 1.38e-11 1.38e-11 1.39e-11 
144	18	8	7.81e-12 9.27e-12 9.83e-12 1.02e-11 1.05e-11 1.08e-11 1.11e-11 1.13e-11 1.16e-11 1.18e-11 
145	18	9	3.22e-12 3.70e-12 3.87e-12 3.99e-12 4.09e-12 4.19e-12 4.28e-12 4.37e-12 4.45e-12 4.52e-12 
146	18	10	2.26e-12 2.67e-12 2.87e-12 3.05e-12 3.22e-12 3.40e-12 3.57e-12 3.74e-12 3.90e-12 4.06e-12 
147	18	11	9.02e-13 1.09e-12 1.20e-12 1.31e-12 1.44e-12 1.57e-12 1.71e-12 1.85e-12 2.00e-12 2.15e-12 
148	18	12	1.49e-13 1.48e-13 1.28e-13 1.15e-13 1.08e-13 1.04e-13 1.02e-13 1.01e-13 1.00e-13 1.01e-13 
149	18	13	7.51e-12 8.55e-12 8.81e-12 9.02e-12 9.28e-12 9.57e-12 9.87e-12 1.02e-11 1.05e-11 1.08e-11 
150	18	14	1.53e-11 1.71e-11 1.74e-11 1.74e-11 1.74e-11 1.74e-11 1.75e-11 1.75e-11 1.75e-11 1.75e-11 
151	18	15	1.77e-12 2.02e-12 2.13e-12 2.26e-12 2.41e-12 2.59e-12 2.77e-12 2.96e-12 3.15e-12 3.34e-12 
152	18	16	2.87e-12 3.27e-12 3.40e-12 3.55e-12 3.71e-12 3.87e-12 4.04e-12 4.21e-12 4.37e-12 4.52e-12 
153	18	17	2.22e-11 3.13e-11 3.60e-11 3.94e-11 4.22e-11 4.48e-11 4.71e-11 4.93e-11 5.13e-11 5.31e-11 
154	19	1	1.26e-12 1.37e-12 1.42e-12 1.47e-12 1.51e-12 1.56e-12 1.60e-12 1.64e-12 1.68e-12 1.72e-12 
155	19	2	4.66e-12 5.16e-12 5.38e-12 5.55e-12 5.71e-12 5.86e-12 5.99e-12 6.11e-12 6.22e-12 6.32e-12 
156	19	3	2.80e-12 3.07e-12 3.24e-12 3.42e-12 3.61e-12 3.79e-12 3.97e-12 4.14e-12 4.30e-12 4.44e-12 
157	19	4	1.71e-12 1.82e-12 1.88e-12 1.95e-12 2.02e-12 2.11e-12 2.19e-12 2.27e-12 2.35e-12 2.42e-12 
158	19	5	2.96e-12 3.21e-12 3.31e-12 3.41e-12 3.51e-12 3.60e-12 3.69e-12 3.77e-12 3.85e-12 3.91e-12 
159	19	6	6.13e-12 6.97e-12 7.37e-12 7.71e-12 8.03e-12 8.33e-12 8.61e-12 8.87e-12 9.12e-12 9.35e-12 
160	19	7	4.77e-12 5.10e-12 5.34e-12 5.63e-12 5.95e-12 6.28e-12 6.61e-12 6.93e-12 7.24e-12 7.54e-12 
161	19	8	9.41e-13 8.24e-13 7.58e-13 7.39e-13 7.44e-13 7.60e-13 7.81e-13 8.05e-13 8.29e-13 8.52e-13 
162	19	9	1.25e-11 1.38e-11 1.43e-11 1.47e-11 1.51e-11 1.54e-11 1.57e-11 1.60e-11 1.63e-11 1.65e-11 
163	19	10	2.13e-12 2.08e-12 2.03e-12 2.01e-12 2.02e-12 2.03e-12 2.06e-12 2.09e-12 2.11e-12 2.14e-12 
164	19	11	3.54e-11 3.86e-11 3.94e-11 4.00e-11 4.05e-11 4.09e-11 4.14e-11 4.18e-11 4.22e-11 4.25e-11 
165	19	12	1.95e-11 2.15e-11 2.25e-11 2.34e-11 2.43e-11 2.53e-11 2.63e-11 2.73e-11 2.83e-11 2.93e-11 
166	19	13	1.79e-12 1.49e-12 1.32e-12 1.25e-12 1.25e-12 1.27e-12 1.31e-12 1.37e-12 1.43e-12 1.49e-12 
167	19	14	4.08e-12 4.01e-12 4.05e-12 4.23e-12 4.47e-12 4.74e-12 5.03e-12 5.32e-12 5.60e-12 5.88e-12 
168	19	15	1.07e-11 1.07e-11 1.05e-11 1.04e-11 1.03e-11 1.03e-11 1.03e-11 1.03e-11 1.03e-11 1.03e-11 
169	19	16	1.43e-11 1.48e-11 1.48e-11 1.48e-11 1.49e-11 1.50e-11 1.51e-11 1.52e-11 1.54e-11 1.55e-11 
170	19	17	3.56e-13 3.17e-13 3.21e-13 3.53e-13 4.02e-13 4.62e-13 5.29e-13 6.01e-13 6.77e-13 7.55e-13 
171	19	18	3.30e-13 2.96e-13 3.03e-13 3.40e-13 3.97e-13 4.66e-13 5.45e-13 6.31e-13 7.22e-13 8.17e-13 
172	20	1	4.66e-12 5.16e-12 5.38e-12 5.55e-12 5.71e-12 5.86e-12 5.99e-12 6.11e-12 6.22e-12 6.32e-12 
173	20	2	1.26e-12 1.37e-12 1.42e-12 1.47e-12 1.51e-12 1.56e-12 1.60e-12 1.64e-12 1.68e-12 1.72e-12 
174	20	3	1.71e-12 1.82e-12 1.88e-12 1.95e-12 2.02e-12 2.11e-12 2.19e-12 2.27e-12 2.35e-12 2.42e-12 
175	20	4	2.80e-12 3.07e-12 3.24e-12 3.42e-12 3.61e-12 3.79e-12 3.97e-12 4.14e-12 4.30e-12 4.44e-12 
176	20	5	6.13e-12 6.97e-12 7.37e-12 7.71e-12 8.03e-12 8.33e-12 8.61e-12 8.87e-12 9.12e-12 9.35e-12 
177	20	6	2.96e-12 3.21e-12 3.31e-12 3.41e-12 3.51e-12 3.60e-12 3.69e-12 3.77e-12 3.85e-12 3.91e-12 
178	20	7	9.41e-13 8.24e-13 7.58e-13 7.39e-13 7.44e-13 7.60e-13 7.81e-13 8.05e-13 8.29e-13 8.52e-13 
179	20	8	4.77e-12 5.10e-12 5.34e-12 5.63e-12 5.95e-12 6.28e-12 6.61e-12 6.93e-12 7.24e-12 7.54e-12 
180	20	9	2.13e-12 2.08e-12 2.03e-12 2.01e-12 2.02e-12 2.03e-12 2.06e-12 2.09e-12 2.11e-12 2.14e-12 
181	20	10	1.25e-11 1.38e-11 1.43e-11 1.47e-11 1.51e-11 1.54e-11 1.57e-11 1.60e-11 1.63e-11 1.65e-11 
182	20	11	1.95e-11 2.15e-11 2.25e-11 2.34e-11 2.43e-11 2.53e-11 2.63e-11 2.73e-11 2.83e-11 2.93e-11 
183	20	12	3.54e-11 3.86e-11 3.94e-11 4.00e-11 4.05e-11 4.09e-11 4.14e-11 4.18e-11 4.22e-11 4.25e-11 
184	20	13	4.08e-12 4.01e-12 4.05e-12 4.23e-12 4.47e-12 4.74e-12 5.03e-12 5.32e-12 5.60e-12 5.88e-12 
185	20	14	1.79e-12 1.49e-12 1.32e-12 1.25e-12 1.25e-12 1.27e-12 1.31e-12 1.37e-12 1.43e-12 1.49e-12 
186	20	15	1.43e-11 1.48e-11 1.48e-11 1.48e-11 1.49e-11 1.50e-11 1.51e-11 1.52e-11 1.54e-11 1.55e-11 
187	20	16	1.07e-11 1.07e-11 1.05e-11 1.04e-11 1.03e-11 1.03e-11 1.03e-11 1.03e-11 1.03e-11 1.03e-11 
188	20	17	3.30e-13 2.96e-13 3.03e-13 3.40e-13 3.97e-13 4.66e-13 5.45e-13 6.31e-13 7.22e-13 8.17e-13 
189	20	18	3.56e-13 3.17e-13 3.21e-13 3.53e-13 4.02e-13 4.62e-13 5.29e-13 6.01e-13 6.77e-13 7.55e-13 
190	20	19	9.38e-12 1.18e-11 1.27e-11 1.33e-11 1.38e-11 1.42e-11 1.47e-11 1.52e-11 1.57e-11 1.62e-11 