6.5087
6.5087
6.5073
6.4940
6.3712
5.7682
5.3691
5.0492 
4.6696
4.3646
4.1710
4.0458
3.9488
3.8107
3.6415
3.5583
3.4910
3.4145
3.0189
2.5769
2.4771
2.2891
1.4584
1.4589
1.4571
1.4385
1.4419
5.9812
5.9812
5.9812
5.9812
5.9811
5.9809
5.9782
5.9536
5.7927
5.5151
5.3449
5.0478
4.6696
4.3665
4.1884
4.0695
3.9990
3.9336
3.8801
3.8188
3.7627
3.6863
3.5765
3.4482
3.2990
3.2802
3.2548
5.9811
5.9811
5.9811
5.9811
5.9811
5.9811
5.9811
5.9811
5.9810
5.9808
5.9781
5.9535
5.7927
5.5152
5.3450
5.0467
4.6887
4.3740
4.1973
4.0739
4.0077
3.9498
3.8905
3.8345
3.7838
3.7292
3.4226
5.9811
5.9811
5.9811
5.9811
5.9811
5.9811
5.9811
5.9811
5.9811
5.9811
5.9811
5.9811
5.9810
5.9808
5.9781
5.9536
5.7922
5.5127
5.3425
5.0662
4.7757
4.4076
# >>chng 21 11 20, from 4.3194 to 4.2965 update OI CS
4.2965
4.1014
4.0517
4.0171
3.9888
5.9811
5.9811
5.9811
5.9811
5.9811
5.9811
5.9811
5.9811
5.9811
5.9811
5.9811
5.9811
5.9811
5.9811
5.9811
5.9811
5.9810
5.9808
5.9781
5.9547
5.8010
5.5267
5.3505
5.0433
4.9338
4.8652
4.8601
5.9997
5.9997
5.9997
5.9997
5.9997
5.9997
5.9997
5.9997
5.9997
5.9997
5.9997
5.9997
5.9997
5.9997
5.9997
5.9997
5.9997
5.9997
5.9997
5.9997
5.9997
5.9997
5.9997
6.0000
6.0015
6.0080
6.0351

