Te	Hydrogen	Helium	Lithium	Beryllium	Boron	Carbon	Nitrogen	Oxygen	Fluorine	Neon	Sodium	Magnesium	Aluminium	Silicon	Phosphorus	Sulphur	Chlorine	Argon	Potassium	Calcium	Scandium	Titanium	Vanadium	Chromium	Manganese	Iron	Cobalt	Nickel	Copper	Zinc
1.00e+04	4.36e-24	6.73e-29	4.43e-29	4.94e-29	4.40e-29	4.89e-29	4.36e-29	4.45e-29	4.36e-29	4.36e-29	4.37e-29	7.59e-29	5.41e-29	5.61e-29	8.55e-29	6.07e-29	7.01e-29	4.36e-29	4.36e-29	3.15e-28	2.59e-28	1.86e-28	5.71e-29	7.23e-29	9.76e-29	1.37e-28	9.21e-29	9.67e-29	4.50e-29	4.54e-29
1.58e+04	1.65e-22	1.23e-25	1.65e-27	1.88e-27	1.67e-27	1.66e-27	1.66e-27	1.66e-27	1.65e-27	1.65e-27	1.65e-27	1.79e-27	1.74e-27	1.69e-27	1.74e-27	1.75e-27	1.72e-27	1.66e-27	1.65e-27	1.85e-27	1.84e-27	2.13e-27	1.73e-27	1.70e-27	1.91e-27	1.83e-27	1.74e-27	1.74e-27	1.65e-27	1.69e-27
2.51e+04	7.37e-23	2.90e-23	7.37e-28	9.82e-28	9.05e-28	7.73e-28	7.69e-28	7.67e-28	7.48e-28	7.38e-28	7.37e-28	7.55e-28	1.07e-27	9.12e-28	8.70e-28	8.88e-28	8.14e-28	7.51e-28	7.38e-28	7.49e-28	7.91e-28	8.23e-28	7.73e-28	7.44e-28	7.79e-28	8.06e-28	8.46e-28	8.93e-28	7.53e-28	8.27e-28
3.98e+04	2.57e-23	8.78e-23	2.57e-28	2.71e-28	9.12e-28	3.87e-28	3.26e-28	3.30e-28	2.86e-28	2.58e-28	2.57e-28	2.59e-28	7.70e-28	7.85e-28	4.36e-28	4.82e-28	3.75e-28	3.21e-28	2.89e-28	2.61e-28	2.67e-28	2.82e-28	3.13e-28	2.81e-28	2.69e-28	4.05e-28	3.36e-28	3.03e-28	2.60e-28	2.72e-28
6.31e+04	1.16e-23	3.68e-22	1.16e-28	1.18e-28	5.32e-28	4.74e-28	3.06e-28	2.64e-28	1.73e-28	1.32e-28	1.19e-28	1.17e-28	1.59e-28	1.22e-27	7.22e-28	6.34e-28	2.46e-28	2.82e-28	2.11e-28	1.87e-28	1.30e-28	1.52e-28	1.26e-28	1.70e-28	1.17e-28	2.73e-28	1.40e-28	1.39e-28	1.17e-28	1.18e-28
1.00e+05	6.46e-24	6.00e-22	6.51e-29	6.49e-29	9.23e-29	6.71e-28	5.13e-28	3.42e-28	1.55e-28	1.42e-28	8.77e-29	6.74e-29	6.95e-29	4.62e-28	1.53e-27	1.19e-27	2.27e-28	4.18e-28	7.60e-28	3.80e-28	1.82e-28	1.31e-28	9.54e-29	9.16e-28	6.63e-29	2.20e-28	6.69e-29	6.74e-29	6.55e-29	6.53e-29
1.58e+05	4.22e-24	2.13e-22	4.33e-29	4.24e-29	4.59e-29	1.21e-28	7.50e-28	5.63e-28	3.73e-28	2.72e-28	1.67e-28	7.49e-29	5.21e-29	6.63e-29	2.81e-28	1.51e-27	5.05e-28	6.90e-28	1.33e-27	1.02e-27	3.47e-28	2.75e-28	2.31e-28	7.05e-28	6.08e-29	2.29e-28	4.48e-29	4.46e-29	4.45e-29	4.42e-29
2.51e+05	3.18e-24	9.19e-23	3.34e-29	3.35e-29	3.28e-29	4.01e-29	1.36e-28	7.39e-28	6.31e-28	4.68e-28	3.68e-28	1.72e-28	1.00e-28	5.50e-29	5.84e-29	1.86e-28	1.17e-27	7.49e-28	1.12e-27	1.51e-27	3.09e-28	6.92e-28	4.47e-28	6.99e-28	4.12e-28	5.10e-28	7.12e-29	3.88e-29	3.82e-29	3.74e-29
3.98e+05	2.66e-24	4.95e-23	2.72e-29	3.00e-29	2.84e-29	2.84e-29	3.65e-29	1.31e-28	6.52e-28	6.78e-28	5.67e-28	3.41e-28	2.62e-28	1.44e-28	7.56e-29	7.50e-29	1.62e-28	5.97e-28	1.26e-27	1.87e-27	6.02e-28	6.41e-28	9.24e-28	1.17e-27	1.71e-27	1.10e-27	7.09e-28	8.73e-29	4.18e-29	4.04e-29
6.31e+05	2.52e-24	3.28e-23	2.55e-29	2.72e-29	3.00e-29	2.77e-29	2.74e-29	3.78e-29	9.45e-29	4.41e-28	6.68e-28	5.39e-28	4.97e-28	3.68e-28	1.51e-28	1.63e-28	1.11e-28	1.45e-28	3.77e-28	1.21e-27	1.15e-27	7.82e-28	1.20e-27	1.64e-27	2.48e-27	1.64e-27	1.57e-27	3.39e-28	6.02e-29	5.91e-29
1.00e+06	2.64e-24	2.42e-23	2.65e-29	2.72e-29	3.02e-29	3.28e-29	3.00e-29	3.06e-29	3.82e-29	7.03e-29	2.03e-28	5.38e-28	5.96e-28	5.67e-28	2.95e-28	3.18e-28	1.80e-28	1.77e-28	1.98e-28	2.38e-28	4.79e-28	9.48e-28	1.22e-27	1.71e-27	1.28e-27	2.07e-27	1.82e-27	1.03e-27	9.72e-29	9.70e-29
1.58e+06	2.92e-24	2.08e-23	2.93e-29	2.96e-29	3.09e-29	3.44e-29	3.80e-29	3.61e-29	3.57e-29	3.99e-29	5.45e-29	1.05e-28	3.31e-28	5.46e-28	4.15e-28	4.67e-28	2.58e-28	3.22e-28	2.63e-28	2.07e-28	2.37e-28	3.29e-28	4.61e-28	7.28e-28	9.77e-28	1.93e-27	1.54e-27	1.76e-27	1.25e-28	1.28e-28
2.51e+06	3.36e-24	2.01e-23	3.36e-29	3.38e-29	3.44e-29	3.60e-29	4.00e-29	4.49e-29	4.46e-29	4.29e-29	4.45e-29	5.15e-29	7.78e-29	1.28e-28	2.72e-28	4.62e-28	2.67e-28	4.36e-28	2.57e-28	3.29e-28	2.60e-28	3.08e-28	2.55e-28	3.51e-28	5.14e-28	6.94e-28	9.86e-28	1.69e-27	1.80e-28	1.70e-28
3.98e+06	3.95e-24	2.11e-23	3.96e-29	3.97e-29	4.01e-29	4.08e-29	4.27e-29	4.65e-29	5.22e-29	5.44e-29	5.32e-29	5.32e-29	5.72e-29	6.49e-29	8.38e-29	1.35e-28	1.07e-28	3.68e-28	2.92e-28	4.40e-28	3.80e-28	2.85e-28	2.80e-28	3.10e-28	3.05e-28	4.20e-28	4.60e-28	4.94e-28	2.86e-28	4.07e-28
6.31e+06	4.73e-24	2.34e-23	4.74e-29	4.75e-29	4.77e-29	4.82e-29	4.91e-29	5.10e-29	5.44e-29	5.98e-29	6.44e-29	6.61e-29	6.58e-29	6.66e-29	6.94e-29	7.80e-29	6.00e-29	1.23e-28	1.44e-28	2.78e-28	3.35e-28	3.07e-28	3.20e-28	2.60e-28	2.36e-28	4.89e-28	5.12e-28	3.02e-28	1.38e-28	3.10e-28
1.00e+07	5.74e-24	2.68e-23	5.75e-29	5.76e-29	5.77e-29	5.80e-29	5.86e-29	5.96e-29	6.14e-29	6.44e-29	6.89e-29	7.46e-29	7.91e-29	8.08e-29	8.06e-29	8.23e-29	6.95e-29	9.19e-29	9.50e-29	1.21e-28	1.40e-28	1.81e-28	2.55e-28	2.50e-28	2.55e-28	5.19e-28	3.47e-28	3.37e-28	1.32e-28	1.93e-28
1.58e+07	7.03e-24	3.16e-23	7.04e-29	7.05e-29	7.06e-29	7.08e-29	7.12e-29	7.19e-29	7.29e-29	7.46e-29	7.71e-29	8.10e-29	8.60e-29	9.15e-29	9.56e-29	9.80e-29	9.16e-29	1.01e-28	1.00e-28	1.08e-28	1.08e-28	1.25e-28	1.54e-28	1.58e-28	1.83e-28	2.92e-28	2.30e-28	2.85e-28	1.43e-28	2.11e-28
2.51e+07	8.68e-24	3.78e-23	8.69e-29	8.70e-29	8.71e-29	8.73e-29	8.76e-29	8.81e-29	8.88e-29	8.98e-29	9.14e-29	9.36e-29	9.67e-29	1.01e-28	1.06e-28	1.11e-28	1.13e-28	1.19e-28	1.19e-28	1.22e-28	1.20e-28	1.27e-28	1.36e-28	1.38e-28	1.47e-28	1.72e-28	1.68e-28	1.98e-28	1.25e-28	1.83e-28
3.98e+07	1.08e-23	4.58e-23	1.08e-28	1.08e-28	1.08e-28	1.08e-28	1.09e-28	1.09e-28	1.10e-28	1.11e-28	1.12e-28	1.13e-28	1.15e-28	1.18e-28	1.21e-28	1.25e-28	1.29e-28	1.35e-28	1.39e-28	1.43e-28	1.44e-28	1.47e-28	1.50e-28	1.52e-28	1.55e-28	1.65e-28	1.63e-28	1.76e-28	1.41e-28	1.64e-28
6.31e+07	1.35e-23	5.60e-23	1.35e-28	1.35e-28	1.36e-28	1.36e-28	1.36e-28	1.37e-28	1.37e-28	1.38e-28	1.39e-28	1.40e-28	1.41e-28	1.43e-28	1.45e-28	1.48e-28	1.51e-28	1.55e-28	1.59e-28	1.64e-28	1.68e-28	1.73e-28	1.76e-28	1.79e-28	1.82e-28	1.87e-28	1.87e-28	1.92e-28	1.76e-28	1.85e-28
1.00e+08	1.71e-23	6.91e-23	1.71e-28	1.71e-28	1.71e-28	1.72e-28	1.72e-28	1.72e-28	1.73e-28	1.74e-28	1.74e-28	1.75e-28	1.76e-28	1.78e-28	1.80e-28	1.82e-28	1.84e-28	1.87e-28	1.90e-28	1.94e-28	1.98e-28	2.03e-28	2.08e-28	2.12e-28	2.16e-28	2.21e-28	2.23e-28	2.27e-28	2.23e-28	2.27e-28
1.58e+08	2.19e-23	8.58e-23	2.19e-28	2.19e-28	2.19e-28	2.20e-28	2.20e-28	2.20e-28	2.21e-28	2.22e-28	2.22e-28	2.23e-28	2.24e-28	2.26e-28	2.27e-28	2.29e-28	2.31e-28	2.33e-28	2.36e-28	2.39e-28	2.42e-28	2.46e-28	2.51e-28	2.55e-28	2.60e-28	2.65e-28	2.69e-28	2.74e-28	2.77e-28	2.81e-28
2.51e+08	2.85e-23	1.07e-22	2.85e-28	2.85e-28	2.85e-28	2.86e-28	2.86e-28	2.87e-28	2.87e-28	2.88e-28	2.89e-28	2.90e-28	2.91e-28	2.92e-28	2.94e-28	2.95e-28	2.97e-28	2.99e-28	3.02e-28	3.05e-28	3.07e-28	3.11e-28	3.15e-28	3.19e-28	3.23e-28	3.28e-28	3.33e-28	3.38e-28	3.43e-28	3.48e-28
3.98e+08	3.80e-23	1.36e-22	3.81e-28	3.81e-28	3.81e-28	3.82e-28	3.82e-28	3.83e-28	3.83e-28	3.84e-28	3.85e-28	3.86e-28	3.88e-28	3.89e-28	3.91e-28	3.92e-28	3.94e-28	3.96e-28	3.99e-28	4.01e-28	4.04e-28	4.08e-28	4.11e-28	4.15e-28	4.19e-28	4.23e-28	4.28e-28	4.33e-28	4.38e-28	4.44e-28
6.31e+08	5.30e-23	1.76e-22	5.30e-28	5.30e-28	5.31e-28	5.31e-28	5.32e-28	5.33e-28	5.34e-28	5.35e-28	5.36e-28	5.37e-28	5.39e-28	5.40e-28	5.42e-28	5.44e-28	5.46e-28	5.48e-28	5.51e-28	5.54e-28	5.57e-28	5.60e-28	5.64e-28	5.67e-28	5.72e-28	5.76e-28	5.81e-28	5.86e-28	5.91e-28	5.97e-28
1.00e+09	7.86e-23	2.35e-22	7.87e-28	7.87e-28	7.88e-28	7.89e-28	7.89e-28	7.90e-28	7.91e-28	7.93e-28	7.94e-28	7.96e-28	7.98e-28	7.99e-28	8.02e-28	8.04e-28	8.07e-28	8.09e-28	8.12e-28	8.15e-28	8.19e-28	8.23e-28	8.27e-28	8.31e-28	8.35e-28	8.40e-28	8.45e-28	8.50e-28	8.56e-28	8.62e-28
